rut
105380
105381
105394
105395
105399
105404
105413
105414
105415
105418
105419
105420
105423
105424
105425
105435
105436
105439
105440
105444
105446
105449
105450
105454
105458
105461
105465
105468
105472
105476
105479
105489
105495
105497
105500
105502
105511
105512
105515
105519
105522
105523
105525
105526
105528
105530
105531
105537
105540
105543
105545
105551
105559
105564
105565
105566
105567
105571
105572
105575
105581
105585
105586
105588
105590
105592
105595
105597
105609
105610
105611
105614
105617
105627
105633
105634
105636
105637
105640
105644
105650
105651
105655
105660
105661
105666
105670
105671
105673
105677
105679
105680
105687
105690
105691
105693
105696
105706
105723
105729
105731
105739
105740
105747
105750
105754
105757
105759
105762
105771
105776
105802
105805
105812
105819
105821
105826
105827
105829
105834
105842
105846
105856
105859
105860
105862
105865
105866
105879
105893
105898
105904
105925
105951
105956
105960
105965
105969
105975
105980
106007
106010
106011
106013
106014
106024
106030
106033
106038
106042
106045
106046
106051
106055
106064
106067
106079
106082
106093
106095
106097
106098
106104
106105
106108
106121
106123
106130
106132
106134
106142
106144
106147
106149
106151
106156
106157
106158
106160
106163
106166
106168
106173
106176
106177
106178
106180
106183
106189
106199
106200
106202
106203
106206
106210
106213
106217
106219
106222
106228
106229
106231
106232
106240
106251
106255
106256
106257
106258
106260
106262
106265
106266
106268
106270
106271
106273
106278
106289
106291
106297
106299
106303
106304
106306
106309
106310
106312
106314
106316
106317
106319
106321
106323
106334
106336
106347
106350
106356
106358
106366
106367
106371
106374
106378
106380
106382
106388
106394
106395
106398
106400
106401
106403
106404
106415
106425
106426
106427
106428
106429
106431
106436
106439
106441
106442
106449
106459
106463
106467
106470
106473
106478
106483
106486
106495
106500
106501
106503
106504
106505
106506
106512
106513
106516
106521
106529
106535
106539
106547
106551
106552
106556
106562
106566
106572
106573
106574
106577
106584
106589
106599
106603
106604
106607
106612
106617
106624
106625
106631
106639
106645
106646
106647
106652
106670
106675
106677
106684
106686
106688
106689
106690
106696
106697
106698
106707
106715
106717
106722
106741
106744
106745
106748
106750
106758
106759
106761
106768
106788
106790
106795
106799
106807
106813
106818
106822
106828
106831
106832
106833
106836
106837
106843
106851
106856
106865
106866
106870
106875
106877
106878
106883
106895
106896
106900
106901
106902
106908
106915
106918
106920
106927
106938
106946
106952
106958
106961
106966
106973
106975
106977
106979
106986
106989
106993
106995
106997
107006
107012
107014
107025
107030
107050
107055
107062
107065
107066
107070
107071
107072
107075
107079
107082
107083
107085
107087
107088
107089
107092
107098
107099
107103
107104
107105
107107
107109
107111
107117
107118
107121
107122
107130
107131
107132
107134
107137
107140
107141
107145
107152
107155
107156
107159
107162
107164
107167
107168
107170
107175
107177
107179
107184
107187
107192
107195
107200
107203
107204
107206
107211
107212
107216
107219
107220
107226
107228
107231
107233
107235
107240
107246
107247
107248
107249
107255
107256
107263
107282
107284
107287
107291
107292
107296
107298
107307
107309
107311
107316
107327
107328
107333
107340
107342
107344
107350
107351
107358
107360
107361
107364
107366
107367
107370
107372
107376
107384
107391
107402
107406
107407
107409
107410
107411
107412
107413
107418
107421
107424
107428
107442
107443
107446
107447
107448
107453
107461
107467
107469
107470
107474
107478
107487
107488
107492
107493
107495
107500
107505
107509
107512
107517
107518
107519
107520
107521
107523
107527
107531
107533
107535
107536
107547
107548
107554
107556
107558
107561
107568
107572
107575
107579
107582
107584
107585
107595
107598
107602
107603
107621
107626
107632
107633
107636
107645
107656
107657
107660
107662
107663
107664
107666
107670
107677
107678
107689
107691
107693
107694
107695
107698
107701
107702
107707
107711
107713
107715
107729
107730
107731
107741
107744
107745
107761
107764
107772
107782
107786
107788
107798
107799
107804
107812
107814
107817
107822
107828
107830
107833
107837
107856
107857
107858
107861
107872
107876
107878
107888
107900
107901
107907
107912
107915
107926
107936
107938
107941
107944
107949
107950
107953
107954
107957
107959
107966
107974
107979
107985
107991
107993
108013
108016
108024
108026
108030
108034
108036
108041
108045
108047
108049
108062
108064
108068
108081
108098
108099
108100
108105
108109
108111
108112
108122
108127
108128
108130
108132
108135
108137
108140
108141
108142
108145
108146
108159
108165
108167
108169
108171
108173
108176
108178
108179
108181
108185
108187
108188
108191
108194
108195
108200
108207
108214
108215
108218
108223
108226
108231
108235
108237
108238
108239
108248
108257
108262
108269
108271
108272
108273
108276
108283
108285
108287
108290
108292
108298
108305
108306
108307
108308
108327
108332
108333
108334
108335
108337
108343
108344
108349
108353
108354
108356
108357
108358
108378
108379
108390
108395
108416
108418
108421
108422
108427
108429
108431
108439
108441
108446
108463
108470
108471
108474
108480
108483
108485
108490
108491
108492
108502
108505
108506
108507
108508
108511
108512
108515
108522
108523
108525
108529
108530
108532
108533
108536
108537
108538
108540
108543
108545
108549
108550
108551
108556
108561
108571
108576
108578
108581
108583
108593
108597
108598
108601
108603
108611
108614
108615
108619
108622
108623
108626
108628
108633
108634
108646
108654
108665
108668
108674
108677
108679
108680
108682
108683
108688
108691
108695
108696
108698
108703
108709
108712
108713
108714
108715
108719
108728
108729
108732
108737
108739
108740
108741
108749
108753
108762
108766
108768
108777
108782
108783
108795
108805
108806
108813
108830
108831
108838
108843
108860
108870
108874
108879
108884
108895
108898
108899
108902
108904
108909
108915
108921
108926
108931
108933
108938
108941
108964
108967
108972
108980
108988
108992
108997
108999
109014
109028
109031
109034
109046
109050
109052
109056
109064
109071
109072
109073
109074
109077
109079
109083
109090
109091
109102
109109
109120
109122
109133
109134
109137
109140
109142
109160
109161
109165
109167
109168
109171
109173
109176
109177
109178
109179
109183
109186
109189
109190
109193
109201
109202
109208
109209
109211
109215
109219
109221
109222
109224
109225
109228
109229
109236
109237
109239
109245
109248
109250
109251
109253
109254
109259
109261
109264
109266
109267
109268
109269
109273
109280
109281
109284
109285
109288
109289
109293
109294
109298
109305
109307
109310
109311
109312
109316
109317
109318
109326
109335
109341
109344
109345
109346
109350
109352
109353
109354
109356
109360
109361
109365
109367
109369
109373
109376
109385
109387
109391
109392
109404
109406
109407
109416
109422
109426
109433
109443
109446
109451
109453
109458
109465
109466
109467
109469
109472
109474
109475
109478
109487
109491
109493
109495
109501
109503
109504
109505
109506
109508
109509
109520
109522
109528
109529
109533
109534
109535
109538
109539
109540
109548
109549
109559
109561
109562
109563
109574
109575
109578
109579
109585
109587
109600
109606
109609
109611
109614
109617
109618
109622
109626
109632
109634
109635
109638
109640
109646
109649
109652
109654
109655
109656
109657
109659
109661
109662
109665
109668
109669
109677
109694
109696
109698
109705
109712
109716
109718
109721
109733
109744
109747
109753
109756
109760
109774
109785
109788
109795
109796
109797
109802
109803
109814
109815
109816
109827
109828
109852
109860
109863
109865
109867
109885
109887
109894
109904
109909
109910
109914
109919
109928
109934
109940
109951
109957
109961
109963
109967
109980
109981
109984
109992
109993
109997
110006
110011
110019
110023
110031
110032
110034
110040
110041
110049
110052
110056
110059
110063
110080
110081
110088
110094
110095
110110
110122
110128
110129
110138
110142
110143
110151
110153
110158
110160
110161
110165
110168
110171
110172
110173
110176
110177
110179
110182
110184
110187
110188
110189
110191
110194
110198
110199
110202
110207
110215
110218
110223
110236
110240
110247
110248
110249
110252
110254
110259
110262
110275
110280
110286
110287
110288
110290
110295
110298
110301
110302
110303
110304
110312
110313
110320
110322
110328
110333
110338
110346
110350
110351
110358
110361
110362
110363
110364
110367
110376
110384
110388
110394
110396
110402
110405
110407
110416
110419
110421
110439
110446
110452
110455
110468
110469
110472
110474
110476
110479
110482
110485
110487
110489
110501
110503
110506
110514
110515
110517
110518
110519
110521
110524
110531
110533
110534
110537
110542
110546
110553
110558
110561
110562
110565
110577
110587
110590
110591
110602
110606
110615
110616
110625
110631
110633
110636
110639
110640
110648
110649
110653
110655
110661
110664
110670
110671
110677
110678
110679
110694
110704
110712
110713
110725
110728
110732
110734
110736
110748
110751
110766
110768
110769
110776
110780
110791
110794
110796
110802
110824
110828
110832
110833
110839
110844
110847
110852
110864
110865
110868
110871
110872
110886
110898
110901
110909
110912
110923
110926
110927
110934
110937
110947
110955
110958
110960
110964
110966
110975
110985
110986
110991
110993
110995
110997
110998
111007
111014
111020
111022
111033
111035
111036
111038
111040
111041
111045
111060
111062
111063
111070
111076
111078
111084
111088
111092
111096
111099
111100
111104
111109
111110
111114
111115
111117
111119
111123
111124
111126
111128
111130
111134
111137
111142
111143
111146
111149
111150
111151
111152
111153
111161
111162
111172
111174
111176
111179
111185
111187
111189
111190
111191
111192
111199
111202
111203
111205
111207
111211
111213
111217
111222
111225
111230
111231
111232
111233
111234
111237
111238
111242
111244
111249
111252
111255
111256
111259
111261
111262
111264
111265
111266
111267
111269
111272
111273
111276
111277
111282
111284
111285
111289
111290
111296
111298
111308
111309
111320
111321
111322
111325
111333
111336
111340
111341
111342
111346
111348
111351
105890
111356
111357
111358
111361
111363
111364
111366
111368
111377
111380
111381
111382
111386
111387
111393
111396
111397
111398
111400
111404
111407
111410
111414
111415
111418
111419
111421
111423
111428
111431
111434
111436
111437
111440
111443
111444
111448
111449
111451
111455
111456
111457
111458
111459
111461
111463
